# VCSEL ERF Parameters - Saved 2025-10-29 12:50:42
# Total parameters: 97
# ERF components: 32
#
# Parameter Range Summary:
#   Baseline (k1): 18142.000000
#   Amplitudes (k2, k5, k8, ...): [-2786.00, 2800.00]
#     Count: 32
#   Widths (k3, k6, k9, ...): [0.5000, 0.5000]
#     Count: 32
#   Positions (k4, k7, k10, ...): [36.70, 467.50] nm
#     Count: 32
#     Span: 430.80 nm
#
# Format: k<N>: <value>
# All values use consistent 12-digit precision

k1: 18142.000000000000
k2: 2800.000000000000
k3: 0.500000000000
k4: 36.700000000000
k5: 310.000000000000
k6: 0.500000000000
k7: 93.500000000000
k8: -243.000000000000
k9: 0.500000000000
k10: 101.600000000000
k11: 381.000000000000
k12: 0.500000000000
k13: 107.500000000000
k14: -289.000000000000
k15: 0.500000000000
k16: 114.800000000000
k17: 310.000000000000
k18: 0.500000000000
k19: 121.500000000000
k20: -322.000000000000
k21: 0.500000000000
k22: 128.800000000000
k23: 281.000000000000
k24: 0.500000000000
k25: 165.700000000000
k26: -277.000000000000
k27: 0.500000000000
k28: 173.400000000000
k29: 302.000000000000
k30: 0.500000000000
k31: 179.700000000000
k32: -280.000000000000
k33: 0.500000000000
k34: 186.700000000000
k35: 297.000000000000
k36: 0.500000000000
k37: 192.600000000000
k38: -289.000000000000
k39: 0.500000000000
k40: 200.000000000000
k41: 326.000000000000
k42: 0.500000000000
k43: 236.400000000000
k44: -268.000000000000
k45: 0.500000000000
k46: 244.200000000000
k47: 291.000000000000
k48: 0.500000000000
k49: 250.800000000000
k50: -281.000000000000
k51: 0.500000000000
k52: 257.800000000000
k53: 373.000000000000
k54: 0.500000000000
k55: 264.800000000000
k56: -272.000000000000
k57: 0.500000000000
k58: 271.100000000000
k59: 305.000000000000
k60: 0.500000000000
k61: 307.600000000000
k62: -293.000000000000
k63: 0.500000000000
k64: 315.300000000000
k65: 302.000000000000
k66: 0.500000000000
k67: 321.200000000000
k68: -255.000000000000
k69: 0.500000000000
k70: 329.300000000000
k71: 301.000000000000
k72: 0.500000000000
k73: 334.800000000000
k74: -335.000000000000
k75: 0.500000000000
k76: 341.800000000000
k77: 318.000000000000
k78: 0.500000000000
k79: 378.300000000000
k80: -318.000000000000
k81: 0.500000000000
k82: 385.700000000000
k83: 314.000000000000
k84: 0.500000000000
k85: 392.300000000000
k86: -331.000000000000
k87: 0.500000000000
k88: 398.900000000000
k89: 340.000000000000
k90: 0.500000000000
k91: 405.600000000000
k92: -302.000000000000
k93: 0.500000000000
k94: 411.800000000000
k95: -2786.000000000000
k96: 0.500000000000
k97: 467.500000000000
